restart  0  score     2  flags ()  leftovers [2, 4]
restart  1  score     2  flags ()  leftovers [5, 6]
restart  2  score     2  flags ()  leftovers [4, 5]
restart  3  score     2  flags ()  leftovers [0, 5]
restart  4  score     2  flags ()  leftovers [2, 6]
restart  5  score     2  flags ()  leftovers [5, 6]
restart  6  score     2  flags ()  leftovers [3, 6]
restart  7  score     2  flags ()  leftovers [0, 2]

n=3 m=7 mode=objective  best score 2
flag hits along the climbs: {}
worst instance: chore masks ['0b100010', '0b100010', '0b100010']
  halting X ['0b101000', '0b1000011', '0b0']  leftovers [2, 4]  flags ()
  u tables: [(0, 1, 0, 1, 1, 2, 1, 2, 0, 1, 0, 1, 1, 2, 1, 2, 1, 2, 1, 2, 2, 3, 2, 3, 1, 2, 1, 2, 2, 3, 2, 3, 1, 2, 1, 2, 2, 3, 2, 3, 1, 2, 1, 2, 2, 3, 2, 3, 2, 3, 2, 3, 3, 4, 3, 4, 2, 3, 2, 3, 3, 4, 3, 4, 0, 1, 0, 1, 1, 2, 1, 2, 0, 1, 0, 1, 1, 2, 1, 2, 1, 2, 1, 2, 2, 3, 2, 3, 1, 2, 1, 2, 2, 3, 2, 3, 1, 2, 1, 2, 2, 3, 2, 3, 1, 2, 1, 2, 2, 3, 2, 3, 2, 3, 2, 3, 3, 4, 3, 4, 2, 3, 2, 3, 3, 4, 3, 4), (0, 1, 1, 1, 1, 1, 2, 2, 1, 2, 1, 2, 1, 2, 2, 2, 0, 1, 1, 1, 1, 2, 2, 2, 1, 2, 2, 2, 2, 2, 2, 3, 1, 2, 1, 2, 2, 2, 2, 2, 1, 2, 2, 2, 2, 3, 3, 3, 1, 2, 1, 2, 2, 3, 2, 3, 1, 2, 2, 3, 2, 3, 3, 3, 0, 1, 1, 1, 1, 2, 2, 2, 1, 2, 2, 2, 2, 3, 3, 3, 0, 1, 1, 2, 1, 2, 2, 2, 1, 2, 2, 3, 2, 3, 3, 3, 1, 2, 2, 2, 2, 3, 3, 3, 2, 3, 2, 3, 2, 3, 3, 3, 1, 2, 2, 2, 2, 3, 3, 3, 2, 3, 3, 3, 2, 3, 3, 4), (0, 0, 0, 0, 1, 1, 1, 1, 1, 1, 1, 1, 2, 2, 2, 2, 1, 1, 1, 1, 2, 2, 2, 2, 2, 2, 2, 2, 3, 3, 3, 3, 0, 0, 0, 0, 1, 1, 1, 1, 1, 1, 1, 1, 2, 2, 2, 2, 1, 1, 1, 1, 2, 2, 2, 2, 2, 2, 2, 2, 3, 3, 3, 3, 0, 0, 0, 0, 1, 1, 1, 1, 1, 1, 1, 1, 2, 2, 2, 2, 1, 1, 1, 1, 2, 2, 2, 2, 2, 2, 2, 2, 3, 3, 3, 3, 0, 0, 0, 0, 1, 1, 1, 1, 1, 1, 1, 1, 2, 2, 2, 2, 1, 1, 1, 1, 2, 2, 2, 2, 2, 2, 2, 2, 3, 3, 3, 3)]

real	0m1.564s
user	0m0.000s
sys	0m0.000s
