restart  0  score     2  flags ()  leftovers [0, 6]
restart  1  score     2  flags ()  leftovers [4, 5]
restart  2  score     1  flags ()  leftovers [4]
restart  3  score     2  flags ()  leftovers [1, 5]
restart  4  score     2  flags ()  leftovers [2, 4]
restart  5  score     1  flags ()  leftovers [1]
restart  6  score     1  flags ()  leftovers [6]
restart  7  score     2  flags ()  leftovers [2, 4]

n=3 m=7 mode=doubly  best score 2
flag hits along the climbs: {}
worst instance: chore masks ['0b1101001', '0b1001111', '0b1111011']
  halting X ['0b111110', '0b0', '0b0']  leftovers [0, 6]  flags ()
  u tables: [(0, 0, 0, 0, 0, 0, 0, 0, 1, 1, 1, 1, 1, 1, 1, 1, 0, 0, 0, 0, 0, 0, 0, 0, 1, 1, 1, 1, 1, 1, 1, 1, 1, 1, 1, 1, 1, 1, 1, 1, 2, 2, 2, 2, 2, 2, 2, 2, 1, 1, 1, 1, 1, 1, 1, 1, 2, 2, 2, 2, 2, 2, 2, 2, 0, 0, 0, 0, 0, 0, 0, 0, 1, 1, 1, 1, 1, 1, 1, 1, 0, 0, 0, 0, 0, 0, 0, 0, 1, 1, 1, 1, 1, 1, 1, 1, 1, 1, 1, 1, 1, 1, 1, 1, 2, 2, 2, 2, 2, 2, 2, 2, 1, 1, 1, 1, 1, 1, 1, 1, 2, 2, 2, 2, 2, 2, 2, 2), (0, 0, 1, 1, 1, 1, 2, 2, 0, 1, 1, 1, 1, 1, 2, 2, 1, 1, 2, 2, 1, 2, 2, 3, 1, 1, 2, 2, 1, 2, 2, 3, 1, 1, 2, 2, 2, 2, 3, 3, 1, 2, 2, 2, 2, 2, 3, 3, 1, 1, 2, 2, 2, 2, 3, 3, 1, 2, 2, 2, 2, 3, 3, 3, 0, 0, 1, 1, 1, 1, 2, 2, 1, 1, 2, 2, 1, 2, 2, 2, 1, 1, 2, 2, 2, 2, 3, 3, 1, 2, 2, 2, 2, 3, 3, 3, 1, 1, 2, 2, 2, 2, 3, 3, 1, 2, 2, 3, 2, 3, 3, 3, 2, 2, 3, 3, 2, 2, 3, 3, 2, 3, 3, 3, 2, 3, 3, 4), (0, 0, 0, 0, 0, 0, 0, 0, 0, 0, 0, 0, 0, 0, 0, 0, 1, 1, 1, 1, 1, 1, 1, 1, 1, 1, 1, 1, 1, 1, 1, 1, 0, 0, 0, 0, 0, 0, 0, 0, 0, 0, 0, 0, 0, 0, 0, 0, 1, 1, 1, 1, 1, 1, 1, 1, 1, 1, 1, 1, 1, 1, 1, 1, 0, 0, 0, 0, 0, 0, 0, 0, 0, 0, 0, 0, 0, 0, 0, 0, 1, 1, 1, 1, 1, 1, 1, 1, 1, 1, 1, 1, 1, 1, 1, 1, 0, 0, 0, 0, 0, 0, 0, 0, 0, 0, 0, 0, 0, 0, 0, 0, 1, 1, 1, 1, 1, 1, 1, 1, 1, 1, 1, 1, 1, 1, 1, 1)]

real	0m1.579s
user	0m0.000s
sys	0m0.000s
